# temperature potential_energy[eV] potential_energy_error[eV]
50 -1028.9768 0.000165
60 -1028.6475 0.000199
70 -1028.3128 0.000233
85 -1027.8121 0.000284
100 -1027.3033 0.000336
120 -1026.6284 0.000406
140 -1025.9427 0.000476
170 -1024.9114 0.000582
200 -1023.8746 0.000688
240 -1022.4787 0.000830
280 -1021.0773 0.000972
340 -1018.9657 0.001184
400 -1016.8486 0.001399
480 -1014.0132 0.001687
560 -1011.1615 0.001987
660 -1007.5587 0.002379
800 -1002.4212 0.002974
950 -996.7204 0.003681
1100 -990.7665 0.004474
1300 -982.3201 0.005688
1500 -973.1853 0.007069
1800 -957.7673 0.009681
