# temperature equilibrium_volume_of_BCC (equilibrium_volume)^(1/3)
50 2909.21 14.2755
60 2909.27 14.2756
70 2909.32 14.2757
85 2909.61 14.2762
100 2910.09 14.2769
120 2910.64 14.2779
140 2911.48 14.2792
170 2912.88 14.2815
200 2914.4 14.284
240 2916.91 14.2881
280 2919.59 14.2925
340 2923.99 14.2996
400 2928.72 14.3073
480 2935.58 14.3185
560 2942.75 14.3302
660 2952.46 14.3459
800 2967.42 14.3701
950 2985.22 14.3988
1100 3004.98 14.4305
1300 3034.64 14.4778
1500 3068.4 14.5313
1800 3128.12 14.625
