# temperature potential_energy[eV] potential_energy_error[eV]
50 -1023.1481 0.000113
60 -1022.8188 0.000145
70 -1022.4868 0.000162
85 -1021.9861 0.000125
100 -1021.4827 0.000183
120 -1020.8079 0.000180
140 -1020.1276 0.000198
170 -1019.0990 0.000261
200 -1018.0677 0.000368
240 -1016.6772 0.000323
280 -1015.2785 0.000371
340 -1013.1778 0.000423
400 -1011.0662 0.000491
480 -1008.2444 0.000566
560 -1005.3981 0.000679
660 -1001.8062 0.000805
800 -996.6632 0.000996
950 -990.9488 0.003704
1100 -984.9596 0.004516
1300 -976.4479 0.005732
1500 -967.2532 0.007116
1800 -951.7808 0.009767
