# temperature ih_PE[eV] ih_PE_error ic_PE[eV] ic_pe_error
270 -1.98328047e+04 9.27863946e-02 -1.98397604e+04 1.36192426e-01
240 -2.00260587e+04 8.04300451e-02 -2.00308502e+04 1.37578677e-01
210 -2.02127754e+04 7.47207401e-02 -2.02156728e+04 1.17979421e-01
180 -2.03942293e+04 6.32103610e-02 -2.03958380e+04 1.00361192e-01
150 -2.05709025e+04 5.11902123e-02 -2.05715832e+04 8.06203790e-02
120 -2.07428659e+04 3.95428797e-02 -2.07432107e+04 5.63005577e-02
30 -2.12326463e+04 7.70995726e-03 -2.12326656e+04 9.62380759e-03
285 -1.97329009e+04 9.98892202e-02 -1.97408322e+04 1.60753870e-01
255 -1.99304919e+04 8.68559446e-02 -1.99360957e+04 1.39047446e-01
225 -2.01202815e+04 7.74263648e-02 -2.01237917e+04 1.32470038e-01
195 -2.03041106e+04 6.70205447e-02 -2.03065775e+04 1.07015337e-01
165 -2.04831127e+04 5.82998748e-02 -2.04845311e+04 8.89263090e-02
135 -2.06575087e+04 4.84681157e-02 -2.06580752e+04 6.93818332e-02
105 -2.08272010e+04 3.24681837e-02 -2.08273226e+04 4.70287079e-02
