# Temperature FCC_PE[eV] FCC_PE_ERROR SF_PE[eV] SF_PE_ERROR DIF_PE[eV] DIF_PE_error
90 -6.29737843e+03 8.68528223e-04 -5.77394685e+03 7.96742806e-04 -1.34996 0.00117862
109 -6.29379914e+03 1.40754734e-03 -5.77066279e+03 1.28529063e-03 -1.34691 0.00190609
134 -6.28907480e+03 1.74354810e-03 -5.76632772e+03 1.59802243e-03 -1.34249 0.00236509
163 -6.28357525e+03 2.14234276e-03 -5.76128035e+03 1.95641222e-03 -1.33637 0.00290124
200 -6.27652939e+03 2.64933875e-03 -5.75481167e+03 2.41837695e-03 -1.3264 0.00358714
244 -6.26810818e+03 3.28647448e-03 -5.74707657e+03 2.97840687e-03 -1.31074 0.00443529
298 -6.25770575e+03 4.14844824e-03 -5.73751976e+03 3.77809951e-03 -1.28949 0.00561103
364 -6.24489622e+03 5.12325207e-03 -5.72574375e+03 4.67626044e-03 -1.25555 0.00693651
445 -6.22902442e+03 6.35617304e-03 -5.71114186e+03 5.80535442e-03 -1.20281 0.00860831
544 -6.20939361e+03 7.95666636e-03 -5.69306920e+03 7.24020251e-03 -1.12506 0.0107577
665 -6.18504263e+03 9.90648881e-03 -5.67063118e+03 9.03535292e-03 -1.00877 0.0134081
812 -6.15489931e+03 1.23788282e-02 -5.64282937e+03 1.13248682e-02 -0.838336 0.0167776
992 -6.11708014e+03 1.55821095e-02 -5.60791197e+03 1.42931457e-02 -0.588508 0.0211446
1211 -6.06956344e+03 2.07284409e-02 -5.56398934e+03 1.87203432e-02 -0.222853 0.0279306
1480 -6.00846037e+03 2.80077918e-02 -5.50749385e+03 2.53641650e-02 0.261489 0.0377859
1807 -5.92884746e+03 4.17130259e-02 -5.43391276e+03 3.82270956e-02 0.864078 0.0565799

