# Temperature FCC_PE[eV] FCC_PE_ERROR SF_PE[eV] SF_PE_ERROR DIF_PE[eV] DIF_PE_error
90 -6.12018623e+03 7.51471051e-04 -5.61017195e+03 6.98713296e-04 -0.00123917 0.00102611
99 -6.11849041e+03 8.04099476e-04 -5.60861775e+03 7.69323452e-04 -0.00154083 0.00111285
109 -6.11660602e+03 8.85300684e-04 -5.60689023e+03 8.46688885e-04 -0.00137833 0.00122501
121 -6.11434370e+03 9.82909773e-04 -5.60481718e+03 9.40339568e-04 -0.00212167 0.00136028
134 -6.11189379e+03 1.08781224e-03 -5.60257178e+03 1.04018444e-03 -0.0024725 0.0015051
148 -6.10925695e+03 1.20138876e-03 -5.60015477e+03 1.14880117e-03 -0.00256583 0.00166225
163 -6.10643371e+03 1.32251954e-03 -5.59756789e+03 1.26423692e-03 -0.00365583 0.00182958
181 -6.10305028e+03 1.46545017e-03 -5.59446685e+03 1.40158473e-03 -0.00409333 0.0020278
200 -6.09948481e+03 1.61697069e-03 -5.59119889e+03 1.54557058e-03 -0.00448083 0.00223682
221 -6.09555159e+03 1.78379427e-03 -5.58759438e+03 1.70522514e-03 -0.0054225 0.00246773
244 -6.09125328e+03 1.96495901e-03 -5.58365527e+03 1.87678128e-03 -0.00643 0.00271724
270 -6.08640684e+03 2.16870449e-03 -5.57921284e+03 2.07274363e-03 -0.00657 0.00299992
298 -6.08120190e+03 2.38649434e-03 -5.57444224e+03 2.28224306e-03 -0.007165 0.00330212
330 -6.07526745e+03 2.63632706e-03 -5.56900405e+03 2.51950441e-03 -0.0088875 0.00364666
364 -6.06898021e+03 2.90007398e-03 -5.56324235e+03 2.77351455e-03 -0.0104908 0.00401283
403 -6.06178684e+03 3.20505243e-03 -5.55664905e+03 3.06377020e-03 -0.0111133 0.00443385
445 -6.05405807e+03 3.53299860e-03 -5.54956549e+03 3.37609847e-03 -0.0122592 0.00488673
492 -6.04542560e+03 3.89809059e-03 -5.54165305e+03 3.72623919e-03 -0.0129167 0.00539258
544 -6.03588908e+03 4.30450446e-03 -5.53291291e+03 4.12020323e-03 -0.0145867 0.00595859
601 -6.02544404e+03 4.75429096e-03 -5.52334089e+03 4.54386522e-03 -0.0171867 0.00657647
665 -6.01372110e+03 5.26517408e-03 -5.51259649e+03 5.03132937e-03 -0.018815 0.0072826
734 -6.00107638e+03 5.80835458e-03 -5.50100581e+03 5.55789004e-03 -0.0191283 0.0080391
812 -5.98676151e+03 6.44937819e-03 -5.48788396e+03 6.16434051e-03 -0.0192425 0.00892152
897 -5.97111825e+03 7.14455335e-03 -5.47354418e+03 6.83602327e-03 -0.0191175 0.00988817
992 -5.95355647e+03 7.95703527e-03 -5.45744677e+03 7.59905866e-03 -0.0200058 0.0110027
1096 -5.93421476e+03 8.83914972e-03 -5.43970812e+03 8.46113002e-03 -0.0112567 0.0122361
1211 -5.91262590e+03 9.86901261e-03 -5.41991322e+03 9.44221810e-03 -0.006145 0.0136584
1339 -5.88829128e+03 1.10706227e-02 -5.39760017e+03 1.06218612e-02 0.00017 0.0153422
1480 -5.86102877e+03 1.25156867e-02 -5.37259045e+03 1.19700280e-02 0.0192558 0.0173183
1635 -5.83035335e+03 1.42206660e-02 -5.34445139e+03 1.36108189e-02 0.0391808 0.0196846
1807 -5.79525665e+03 1.63133465e-02 -5.31223968e+03 1.56229916e-02 0.0789158 0.0225877
